engine: postgres
schema:
  database0_t1:
    - {name: "c0", type: "int"}
    - {name: "c1", type: "int"}
    - {name: "c2", type: "string"}
    - {name: "c3", type: "int"}
  database0_t0:
    - {name: "c0", type: "string"}
    - {name: "c1", type: "int"}
data:
  database0_t1:
    - [null, -1521226518, "-2087893705", null]
    - [-1775103535, 239734007, "", null]
    - [null, 1635776983, "-1", null]
    - [1180151686, -297955634, "1032638801", -285132105]
    - [541947030, 880330817, "1486103084", -1118684320]
    - [-1020663942, -186716307, "991149750", 1091967086]
  database0_t0:
    - ["-1077277231", null]
    - ["-1944931769", 956816844]
    - ["U7", null]
    - ["-285784552", null]
    - ["Jka3LB5-&", null]
    - ["389844508", null]
    - ["", -1467063079]
    - ["-195031652", 734800198]
    - ["1635609407", null]
    - ["71391549", null]
    - ["-1051405438", null]
    - ["1804551272", null]
    - ["136956322", 316938879]
    - ["-316874230", null]
    - ["割C-/,04/", null]
    - ["^}M n2U", null]
    - ["-1794475476", null]
    - ["1171612921", null]
    - ["|+", null]
sql: "SELECT database0_t1.c3, database0_t1.c0, database0_t1.c1, database0_t1.c2, database0_t0.c0 FROM database0_t0, database0_t1 WHERE database0_t1.c2"
columns: []
rows: []
kind: dbms-fail
dbms_error: "ERROR: argument of WHERE must be type boolean, not type character varying\n  Position: 130"
traf_columns: [database0_t1.c3, database0_t1.c0, database0_t1.c1, database0_t1.c2, database0_t0.c0]
traf_rows:
  - ["NULL", "NULL", "-1521226518", "-2087893705", "-1077277231"]
  - ["NULL", "NULL", "1635776983", "-1", "-1077277231"]
  - ["-285132105", "1180151686", "-297955634", "1032638801", "-1077277231"]
  - ["-1118684320", "541947030", "880330817", "1486103084", "-1077277231"]
  - ["1091967086", "-1020663942", "-186716307", "991149750", "-1077277231"]
  - ["NULL", "NULL", "-1521226518", "-2087893705", "-1944931769"]
  - ["NULL", "NULL", "1635776983", "-1", "-1944931769"]
  - ["-285132105", "1180151686", "-297955634", "1032638801", "-1944931769"]
  - ["-1118684320", "541947030", "880330817", "1486103084", "-1944931769"]
  - ["1091967086", "-1020663942", "-186716307", "991149750", "-1944931769"]
  - ["NULL", "NULL", "-1521226518", "-2087893705", "U7"]
  - ["NULL", "NULL", "1635776983", "-1", "U7"]
  - ["-285132105", "1180151686", "-297955634", "1032638801", "U7"]
  - ["-1118684320", "541947030", "880330817", "1486103084", "U7"]
  - ["1091967086", "-1020663942", "-186716307", "991149750", "U7"]
  - ["NULL", "NULL", "-1521226518", "-2087893705", "-285784552"]
  - ["NULL", "NULL", "1635776983", "-1", "-285784552"]
  - ["-285132105", "1180151686", "-297955634", "1032638801", "-285784552"]
  - ["-1118684320", "541947030", "880330817", "1486103084", "-285784552"]
  - ["1091967086", "-1020663942", "-186716307", "991149750", "-285784552"]
  - ["NULL", "NULL", "-1521226518", "-2087893705", "Jka3LB5-&"]
  - ["NULL", "NULL", "1635776983", "-1", "Jka3LB5-&"]
  - ["-285132105", "1180151686", "-297955634", "1032638801", "Jka3LB5-&"]
  - ["-1118684320", "541947030", "880330817", "1486103084", "Jka3LB5-&"]
  - ["1091967086", "-1020663942", "-186716307", "991149750", "Jka3LB5-&"]
  - ["NULL", "NULL", "-1521226518", "-2087893705", "389844508"]
  - ["NULL", "NULL", "1635776983", "-1", "389844508"]
  - ["-285132105", "1180151686", "-297955634", "1032638801", "389844508"]
  - ["-1118684320", "541947030", "880330817", "1486103084", "389844508"]
  - ["1091967086", "-1020663942", "-186716307", "991149750", "389844508"]
  - ["NULL", "NULL", "-1521226518", "-2087893705", ""]
  - ["NULL", "NULL", "1635776983", "-1", ""]
  - ["-285132105", "1180151686", "-297955634", "1032638801", ""]
  - ["-1118684320", "541947030", "880330817", "1486103084", ""]
  - ["1091967086", "-1020663942", "-186716307", "991149750", ""]
  - ["NULL", "NULL", "-1521226518", "-2087893705", "-195031652"]
  - ["NULL", "NULL", "1635776983", "-1", "-195031652"]
  - ["-285132105", "1180151686", "-297955634", "1032638801", "-195031652"]
  - ["-1118684320", "541947030", "880330817", "1486103084", "-195031652"]
  - ["1091967086", "-1020663942", "-186716307", "991149750", "-195031652"]
  - ["NULL", "NULL", "-1521226518", "-2087893705", "1635609407"]
  - ["NULL", "NULL", "1635776983", "-1", "1635609407"]
  - ["-285132105", "1180151686", "-297955634", "1032638801", "1635609407"]
  - ["-1118684320", "541947030", "880330817", "1486103084", "1635609407"]
  - ["1091967086", "-1020663942", "-186716307", "991149750", "1635609407"]
  - ["NULL", "NULL", "-1521226518", "-2087893705", "71391549"]
  - ["NULL", "NULL", "1635776983", "-1", "71391549"]
  - ["-285132105", "1180151686", "-297955634", "1032638801", "71391549"]
  - ["-1118684320", "541947030", "880330817", "1486103084", "71391549"]
  - ["1091967086", "-1020663942", "-186716307", "991149750", "71391549"]
  - ["NULL", "NULL", "-1521226518", "-2087893705", "-1051405438"]
  - ["NULL", "NULL", "1635776983", "-1", "-1051405438"]
  - ["-285132105", "1180151686", "-297955634", "1032638801", "-1051405438"]
  - ["-1118684320", "541947030", "880330817", "1486103084", "-1051405438"]
  - ["1091967086", "-1020663942", "-186716307", "991149750", "-1051405438"]
  - ["NULL", "NULL", "-1521226518", "-2087893705", "1804551272"]
  - ["NULL", "NULL", "1635776983", "-1", "1804551272"]
  - ["-285132105", "1180151686", "-297955634", "1032638801", "1804551272"]
  - ["-1118684320", "541947030", "880330817", "1486103084", "1804551272"]
  - ["1091967086", "-1020663942", "-186716307", "991149750", "1804551272"]
  - ["NULL", "NULL", "-1521226518", "-2087893705", "136956322"]
  - ["NULL", "NULL", "1635776983", "-1", "136956322"]
  - ["-285132105", "1180151686", "-297955634", "1032638801", "136956322"]
  - ["-1118684320", "541947030", "880330817", "1486103084", "136956322"]
  - ["1091967086", "-1020663942", "-186716307", "991149750", "136956322"]
  - ["NULL", "NULL", "-1521226518", "-2087893705", "-316874230"]
  - ["NULL", "NULL", "1635776983", "-1", "-316874230"]
  - ["-285132105", "1180151686", "-297955634", "1032638801", "-316874230"]
  - ["-1118684320", "541947030", "880330817", "1486103084", "-316874230"]
  - ["1091967086", "-1020663942", "-186716307", "991149750", "-316874230"]
  - ["NULL", "NULL", "-1521226518", "-2087893705", "割C-/,04/"]
  - ["NULL", "NULL", "1635776983", "-1", "割C-/,04/"]
  - ["-285132105", "1180151686", "-297955634", "1032638801", "割C-/,04/"]
  - ["-1118684320", "541947030", "880330817", "1486103084", "割C-/,04/"]
  - ["1091967086", "-1020663942", "-186716307", "991149750", "割C-/,04/"]
  - ["NULL", "NULL", "-1521226518", "-2087893705", "^}M n2U"]
  - ["NULL", "NULL", "1635776983", "-1", "^}M n2U"]
  - ["-285132105", "1180151686", "-297955634", "1032638801", "^}M n2U"]
  - ["-1118684320", "541947030", "880330817", "1486103084", "^}M n2U"]
  - ["1091967086", "-1020663942", "-186716307", "991149750", "^}M n2U"]
  - ["NULL", "NULL", "-1521226518", "-2087893705", "-1794475476"]
  - ["NULL", "NULL", "1635776983", "-1", "-1794475476"]
  - ["-285132105", "1180151686", "-297955634", "1032638801", "-1794475476"]
  - ["-1118684320", "541947030", "880330817", "1486103084", "-1794475476"]
  - ["1091967086", "-1020663942", "-186716307", "991149750", "-1794475476"]
  - ["NULL", "NULL", "-1521226518", "-2087893705", "1171612921"]
  - ["NULL", "NULL", "1635776983", "-1", "1171612921"]
  - ["-285132105", "1180151686", "-297955634", "1032638801", "1171612921"]
  - ["-1118684320", "541947030", "880330817", "1486103084", "1171612921"]
  - ["1091967086", "-1020663942", "-186716307", "991149750", "1171612921"]
  - ["NULL", "NULL", "-1521226518", "-2087893705", "|+"]
  - ["NULL", "NULL", "1635776983", "-1", "|+"]
  - ["-285132105", "1180151686", "-297955634", "1032638801", "|+"]
  - ["-1118684320", "541947030", "880330817", "1486103084", "|+"]
  - ["1091967086", "-1020663942", "-186716307", "991149750", "|+"]
