engine: postgres
schema:
  database0_t0:
    - {name: "c0", type: "string"}
    - {name: "c1", type: "int"}
    - {name: "c2", type: "string"}
data:
  database0_t0:
    - ["-628774935", 1014163171, "-354425506"]
    - ["-449191794", 1014163171, "-354425506"]
    - ["-2123641175", 1014163171, "-354425506"]
    - [" T赯7h", 1014163171, "-354425506"]
    - ["1242577457", 1014163171, "-354425506"]
    - ["345324404", 1014163171, "-354425506"]
    - ["-1045244341", 1014163171, "-354425506"]
    - ["-1011083524", 1014163171, "-354425506"]
    - ["kB", 1014163171, "-354425506"]
    - ["-883264523", 1014163171, "-354425506"]
    - ["-1779974519", 1014163171, "-354425506"]
    - ["1699565337", -1841034238, "1177585274"]
    - ["", 249117821, "|M"]
    - ["1262600287", 1963658212, null]
sql: "SELECT database0_t0.c1, database0_t0.c0, database0_t0.c2 FROM database0_t0 WHERE database0_t0.c2"
columns: []
rows: []
kind: dbms-fail
dbms_error: "ERROR: argument of WHERE must be type boolean, not type character varying\n  Position: 82"
traf_columns: [database0_t0.c1, database0_t0.c0, database0_t0.c2]
traf_rows:
  - ["1014163171", "-628774935", "-354425506"]
  - ["1014163171", "-449191794", "-354425506"]
  - ["1014163171", "-2123641175", "-354425506"]
  - ["1014163171", " T赯7h", "-354425506"]
  - ["1014163171", "1242577457", "-354425506"]
  - ["1014163171", "345324404", "-354425506"]
  - ["1014163171", "-1045244341", "-354425506"]
  - ["1014163171", "-1011083524", "-354425506"]
  - ["1014163171", "kB", "-354425506"]
  - ["1014163171", "-883264523", "-354425506"]
  - ["1014163171", "-1779974519", "-354425506"]
  - ["-1841034238", "1699565337", "1177585274"]
  - ["249117821", "", "|M"]
