engine: postgres
schema:
  database0_t0:
    - {name: "c0", type: "string"}
    - {name: "c1", type: "int"}
    - {name: "c2", type: "string"}
    - {name: "c3", type: "string"}
data:
  database0_t0:
    - ["734800198", 1498887844, "-1183138277", null]
    - ["734800198", 878771492, "543985007", "878771492"]
    - ["734800198", -188219923, "915954605", "971431221"]
    - ["734800198", 871341414, "t|t⽦", "-1380535924"]
    - ["734800198", 1526956816, null, "-1794475476"]
    - ["-188351465", -1794475476, null, "369297413"]
sql: "SELECT database0_t0.c1, database0_t0.c0, database0_t0.c3, database0_t0.c2 FROM database0_t0 WHERE ((1428400327) IS NOT NULL)"
columns:
  - "c1"
  - "c0"
  - "c3"
  - "c2"
rows:
  - [1498887844, "734800198", null, "-1183138277"]
  - [878771492, "734800198", "878771492", "543985007"]
  - [-188219923, "734800198", "971431221", "915954605"]
  - [871341414, "734800198", "-1380535924", "t|t⽦"]
  - [1526956816, "734800198", "-1794475476", null]
  - [-1794475476, "-188351465", "369297413", null]
kind: benign
traf_columns: [database0_t0.c1, database0_t0.c0, database0_t0.c3, database0_t0.c2]
traf_rows:
  - ["1498887844", "734800198", "NULL", "-1183138277"]
  - ["878771492", "734800198", "878771492", "543985007"]
  - ["-188219923", "734800198", "971431221", "915954605"]
  - ["871341414", "734800198", "-1380535924", "t|t⽦"]
  - ["1526956816", "734800198", "-1794475476", "NULL"]
  - ["-1794475476", "-188351465", "369297413", "NULL"]
