engine: postgres
schema:
  database0_t1:
    - {name: "c0", type: "int"}
    - {name: "c1", type: "int"}
    - {name: "c2", type: "string"}
    - {name: "c3", type: "int"}
  database0_t0:
    - {name: "c0", type: "string"}
    - {name: "c1", type: "int"}
data:
  database0_t1:
    - [null, -1521226518, "-2087893705", null]
    - [-1775103535, 239734007, "", null]
    - [null, 1635776983, "-1", null]
    - [1180151686, -297955634, "1032638801", -285132105]
    - [541947030, 880330817, "1486103084", -1118684320]
    - [-1020663942, -186716307, "991149750", 1091967086]
  database0_t0:
    - ["-1077277231", null]
    - ["-1944931769", 956816844]
    - ["U7", null]
    - ["-285784552", null]
    - ["Jka3LB5-&", null]
    - ["389844508", null]
    - ["", -1467063079]
    - ["-195031652", 734800198]
    - ["1635609407", null]
    - ["71391549", null]
    - ["-1051405438", null]
    - ["1804551272", null]
    - ["136956322", 316938879]
    - ["-316874230", null]
    - ["割C-/,04/", null]
    - ["^}M n2U", null]
    - ["-1794475476", null]
    - ["1171612921", null]
    - ["|+", null]
sql: "SELECT database0_t0.c1, database0_t1.c0, database0_t1.c3, database0_t1.c1, database0_t1.c2 FROM database0_t0, database0_t1 WHERE ((-1353083225) IS NOT NULL)"
columns:
  - "c1"
  - "c0"
  - "c3"
  - "c1"
  - "c2"
rows:
  - [null, null, null, -1521226518, "-2087893705"]
  - [null, -1775103535, null, 239734007, ""]
  - [null, null, null, 1635776983, "-1"]
  - [null, 1180151686, -285132105, -297955634, "1032638801"]
  - [null, 541947030, -1118684320, 880330817, "1486103084"]
  - [null, -1020663942, 1091967086, -186716307, "991149750"]
  - [956816844, null, null, -1521226518, "-2087893705"]
  - [956816844, -1775103535, null, 239734007, ""]
  - [956816844, null, null, 1635776983, "-1"]
  - [956816844, 1180151686, -285132105, -297955634, "1032638801"]
  - [956816844, 541947030, -1118684320, 880330817, "1486103084"]
  - [956816844, -1020663942, 1091967086, -186716307, "991149750"]
  - [null, null, null, -1521226518, "-2087893705"]
  - [null, -1775103535, null, 239734007, ""]
  - [null, null, null, 1635776983, "-1"]
  - [null, 1180151686, -285132105, -297955634, "1032638801"]
  - [null, 541947030, -1118684320, 880330817, "1486103084"]
  - [null, -1020663942, 1091967086, -186716307, "991149750"]
  - [null, null, null, -1521226518, "-2087893705"]
  - [null, -1775103535, null, 239734007, ""]
  - [null, null, null, 1635776983, "-1"]
  - [null, 1180151686, -285132105, -297955634, "1032638801"]
  - [null, 541947030, -1118684320, 880330817, "1486103084"]
  - [null, -1020663942, 1091967086, -186716307, "991149750"]
  - [null, null, null, -1521226518, "-2087893705"]
  - [null, -1775103535, null, 239734007, ""]
  - [null, null, null, 1635776983, "-1"]
  - [null, 1180151686, -285132105, -297955634, "1032638801"]
  - [null, 541947030, -1118684320, 880330817, "1486103084"]
  - [null, -1020663942, 1091967086, -186716307, "991149750"]
  - [null, null, null, -1521226518, "-2087893705"]
  - [null, -1775103535, null, 239734007, ""]
  - [null, null, null, 1635776983, "-1"]
  - [null, 1180151686, -285132105, -297955634, "1032638801"]
  - [null, 541947030, -1118684320, 880330817, "1486103084"]
  - [null, -1020663942, 1091967086, -186716307, "991149750"]
  - [-1467063079, null, null, -1521226518, "-2087893705"]
  - [-1467063079, -1775103535, null, 239734007, ""]
  - [-1467063079, null, null, 1635776983, "-1"]
  - [-1467063079, 1180151686, -285132105, -297955634, "1032638801"]
  - [-1467063079, 541947030, -1118684320, 880330817, "1486103084"]
  - [-1467063079, -1020663942, 1091967086, -186716307, "991149750"]
  - [734800198, null, null, -1521226518, "-2087893705"]
  - [734800198, -1775103535, null, 239734007, ""]
  - [734800198, null, null, 1635776983, "-1"]
  - [734800198, 1180151686, -285132105, -297955634, "1032638801"]
  - [734800198, 541947030, -1118684320, 880330817, "1486103084"]
  - [734800198, -1020663942, 1091967086, -186716307, "991149750"]
  - [null, null, null, -1521226518, "-2087893705"]
  - [null, -1775103535, null, 239734007, ""]
  - [null, null, null, 1635776983, "-1"]
  - [null, 1180151686, -285132105, -297955634, "1032638801"]
  - [null, 541947030, -1118684320, 880330817, "1486103084"]
  - [null, -1020663942, 1091967086, -186716307, "991149750"]
  - [null, null, null, -1521226518, "-2087893705"]
  - [null, -1775103535, null, 239734007, ""]
  - [null, null, null, 1635776983, "-1"]
  - [null, 1180151686, -285132105, -297955634, "1032638801"]
  - [null, 541947030, -1118684320, 880330817, "1486103084"]
  - [null, -1020663942, 1091967086, -186716307, "991149750"]
  - [null, null, null, -1521226518, "-2087893705"]
  - [null, -1775103535, null, 239734007, ""]
  - [null, null, null, 1635776983, "-1"]
  - [null, 1180151686, -285132105, -297955634, "1032638801"]
  - [null, 541947030, -1118684320, 880330817, "1486103084"]
  - [null, -1020663942, 1091967086, -186716307, "991149750"]
  - [null, null, null, -1521226518, "-2087893705"]
  - [null, -1775103535, null, 239734007, ""]
  - [null, null, null, 1635776983, "-1"]
  - [null, 1180151686, -285132105, -297955634, "1032638801"]
  - [null, 541947030, -1118684320, 880330817, "1486103084"]
  - [null, -1020663942, 1091967086, -186716307, "991149750"]
  - [316938879, null, null, -1521226518, "-2087893705"]
  - [316938879, -1775103535, null, 239734007, ""]
  - [316938879, null, null, 1635776983, "-1"]
  - [316938879, 1180151686, -285132105, -297955634, "1032638801"]
  - [316938879, 541947030, -1118684320, 880330817, "1486103084"]
  - [316938879, -1020663942, 1091967086, -186716307, "991149750"]
  - [null, null, null, -1521226518, "-2087893705"]
  - [null, -1775103535, null, 239734007, ""]
  - [null, null, null, 1635776983, "-1"]
  - [null, 1180151686, -285132105, -297955634, "1032638801"]
  - [null, 541947030, -1118684320, 880330817, "1486103084"]
  - [null, -1020663942, 1091967086, -186716307, "991149750"]
  - [null, null, null, -1521226518, "-2087893705"]
  - [null, -1775103535, null, 239734007, ""]
  - [null, null, null, 1635776983, "-1"]
  - [null, 1180151686, -285132105, -297955634, "1032638801"]
  - [null, 541947030, -1118684320, 880330817, "1486103084"]
  - [null, -1020663942, 1091967086, -186716307, "991149750"]
  - [null, null, null, -1521226518, "-2087893705"]
  - [null, -1775103535, null, 239734007, ""]
  - [null, null, null, 1635776983, "-1"]
  - [null, 1180151686, -285132105, -297955634, "1032638801"]
  - [null, 541947030, -1118684320, 880330817, "1486103084"]
  - [null, -1020663942, 1091967086, -186716307, "991149750"]
  - [null, null, null, -1521226518, "-2087893705"]
  - [null, -1775103535, null, 239734007, ""]
  - [null, null, null, 1635776983, "-1"]
  - [null, 1180151686, -285132105, -297955634, "1032638801"]
  - [null, 541947030, -1118684320, 880330817, "1486103084"]
  - [null, -1020663942, 1091967086, -186716307, "991149750"]
  - [null, null, null, -1521226518, "-2087893705"]
  - [null, -1775103535, null, 239734007, ""]
  - [null, null, null, 1635776983, "-1"]
  - [null, 1180151686, -285132105, -297955634, "1032638801"]
  - [null, 541947030, -1118684320, 880330817, "1486103084"]
  - [null, -1020663942, 1091967086, -186716307, "991149750"]
  - [null, null, null, -1521226518, "-2087893705"]
  - [null, -1775103535, null, 239734007, ""]
  - [null, null, null, 1635776983, "-1"]
  - [null, 1180151686, -285132105, -297955634, "1032638801"]
  - [null, 541947030, -1118684320, 880330817, "1486103084"]
  - [null, -1020663942, 1091967086, -186716307, "991149750"]
kind: benign
traf_columns: [database0_t0.c1, database0_t1.c0, database0_t1.c3, database0_t1.c1, database0_t1.c2]
traf_rows:
  - ["NULL", "NULL", "NULL", "-1521226518", "-2087893705"]
  - ["NULL", "-1775103535", "NULL", "239734007", ""]
  - ["NULL", "NULL", "NULL", "1635776983", "-1"]
  - ["NULL", "1180151686", "-285132105", "-297955634", "1032638801"]
  - ["NULL", "541947030", "-1118684320", "880330817", "1486103084"]
  - ["NULL", "-1020663942", "1091967086", "-186716307", "991149750"]
  - ["956816844", "NULL", "NULL", "-1521226518", "-2087893705"]
  - ["956816844", "-1775103535", "NULL", "239734007", ""]
  - ["956816844", "NULL", "NULL", "1635776983", "-1"]
  - ["956816844", "1180151686", "-285132105", "-297955634", "1032638801"]
  - ["956816844", "541947030", "-1118684320", "880330817", "1486103084"]
  - ["956816844", "-1020663942", "1091967086", "-186716307", "991149750"]
  - ["NULL", "NULL", "NULL", "-1521226518", "-2087893705"]
  - ["NULL", "-1775103535", "NULL", "239734007", ""]
  - ["NULL", "NULL", "NULL", "1635776983", "-1"]
  - ["NULL", "1180151686", "-285132105", "-297955634", "1032638801"]
  - ["NULL", "541947030", "-1118684320", "880330817", "1486103084"]
  - ["NULL", "-1020663942", "1091967086", "-186716307", "991149750"]
  - ["NULL", "NULL", "NULL", "-1521226518", "-2087893705"]
  - ["NULL", "-1775103535", "NULL", "239734007", ""]
  - ["NULL", "NULL", "NULL", "1635776983", "-1"]
  - ["NULL", "1180151686", "-285132105", "-297955634", "1032638801"]
  - ["NULL", "541947030", "-1118684320", "880330817", "1486103084"]
  - ["NULL", "-1020663942", "1091967086", "-186716307", "991149750"]
  - ["NULL", "NULL", "NULL", "-1521226518", "-2087893705"]
  - ["NULL", "-1775103535", "NULL", "239734007", ""]
  - ["NULL", "NULL", "NULL", "1635776983", "-1"]
  - ["NULL", "1180151686", "-285132105", "-297955634", "1032638801"]
  - ["NULL", "541947030", "-1118684320", "880330817", "1486103084"]
  - ["NULL", "-1020663942", "1091967086", "-186716307", "991149750"]
  - ["NULL", "NULL", "NULL", "-1521226518", "-2087893705"]
  - ["NULL", "-1775103535", "NULL", "239734007", ""]
  - ["NULL", "NULL", "NULL", "1635776983", "-1"]
  - ["NULL", "1180151686", "-285132105", "-297955634", "1032638801"]
  - ["NULL", "541947030", "-1118684320", "880330817", "1486103084"]
  - ["NULL", "-1020663942", "1091967086", "-186716307", "991149750"]
  - ["-1467063079", "NULL", "NULL", "-1521226518", "-2087893705"]
  - ["-1467063079", "-1775103535", "NULL", "239734007", ""]
  - ["-1467063079", "NULL", "NULL", "1635776983", "-1"]
  - ["-1467063079", "1180151686", "-285132105", "-297955634", "1032638801"]
  - ["-1467063079", "541947030", "-1118684320", "880330817", "1486103084"]
  - ["-1467063079", "-1020663942", "1091967086", "-186716307", "991149750"]
  - ["734800198", "NULL", "NULL", "-1521226518", "-2087893705"]
  - ["734800198", "-1775103535", "NULL", "239734007", ""]
  - ["734800198", "NULL", "NULL", "1635776983", "-1"]
  - ["734800198", "1180151686", "-285132105", "-297955634", "1032638801"]
  - ["734800198", "541947030", "-1118684320", "880330817", "1486103084"]
  - ["734800198", "-1020663942", "1091967086", "-186716307", "991149750"]
  - ["NULL", "NULL", "NULL", "-1521226518", "-2087893705"]
  - ["NULL", "-1775103535", "NULL", "239734007", ""]
  - ["NULL", "NULL", "NULL", "1635776983", "-1"]
  - ["NULL", "1180151686", "-285132105", "-297955634", "1032638801"]
  - ["NULL", "541947030", "-1118684320", "880330817", "1486103084"]
  - ["NULL", "-1020663942", "1091967086", "-186716307", "991149750"]
  - ["NULL", "NULL", "NULL", "-1521226518", "-2087893705"]
  - ["NULL", "-1775103535", "NULL", "239734007", ""]
  - ["NULL", "NULL", "NULL", "1635776983", "-1"]
  - ["NULL", "1180151686", "-285132105", "-297955634", "1032638801"]
  - ["NULL", "541947030", "-1118684320", "880330817", "1486103084"]
  - ["NULL", "-1020663942", "1091967086", "-186716307", "991149750"]
  - ["NULL", "NULL", "NULL", "-1521226518", "-2087893705"]
  - ["NULL", "-1775103535", "NULL", "239734007", ""]
  - ["NULL", "NULL", "NULL", "1635776983", "-1"]
  - ["NULL", "1180151686", "-285132105", "-297955634", "1032638801"]
  - ["NULL", "541947030", "-1118684320", "880330817", "1486103084"]
  - ["NULL", "-1020663942", "1091967086", "-186716307", "991149750"]
  - ["NULL", "NULL", "NULL", "-1521226518", "-2087893705"]
  - ["NULL", "-1775103535", "NULL", "239734007", ""]
  - ["NULL", "NULL", "NULL", "1635776983", "-1"]
  - ["NULL", "1180151686", "-285132105", "-297955634", "1032638801"]
  - ["NULL", "541947030", "-1118684320", "880330817", "1486103084"]
  - ["NULL", "-1020663942", "1091967086", "-186716307", "991149750"]
  - ["316938879", "NULL", "NULL", "-1521226518", "-2087893705"]
  - ["316938879", "-1775103535", "NULL", "239734007", ""]
  - ["316938879", "NULL", "NULL", "1635776983", "-1"]
  - ["316938879", "1180151686", "-285132105", "-297955634", "1032638801"]
  - ["316938879", "541947030", "-1118684320", "880330817", "1486103084"]
  - ["316938879", "-1020663942", "1091967086", "-186716307", "991149750"]
  - ["NULL", "NULL", "NULL", "-1521226518", "-2087893705"]
  - ["NULL", "-1775103535", "NULL", "239734007", ""]
  - ["NULL", "NULL", "NULL", "1635776983", "-1"]
  - ["NULL", "1180151686", "-285132105", "-297955634", "1032638801"]
  - ["NULL", "541947030", "-1118684320", "880330817", "1486103084"]
  - ["NULL", "-1020663942", "1091967086", "-186716307", "991149750"]
  - ["NULL", "NULL", "NULL", "-1521226518", "-2087893705"]
  - ["NULL", "-1775103535", "NULL", "239734007", ""]
  - ["NULL", "NULL", "NULL", "1635776983", "-1"]
  - ["NULL", "1180151686", "-285132105", "-297955634", "1032638801"]
  - ["NULL", "541947030", "-1118684320", "880330817", "1486103084"]
  - ["NULL", "-1020663942", "1091967086", "-186716307", "991149750"]
  - ["NULL", "NULL", "NULL", "-1521226518", "-2087893705"]
  - ["NULL", "-1775103535", "NULL", "239734007", ""]
  - ["NULL", "NULL", "NULL", "1635776983", "-1"]
  - ["NULL", "1180151686", "-285132105", "-297955634", "1032638801"]
  - ["NULL", "541947030", "-1118684320", "880330817", "1486103084"]
  - ["NULL", "-1020663942", "1091967086", "-186716307", "991149750"]
  - ["NULL", "NULL", "NULL", "-1521226518", "-2087893705"]
  - ["NULL", "-1775103535", "NULL", "239734007", ""]
  - ["NULL", "NULL", "NULL", "1635776983", "-1"]
  - ["NULL", "1180151686", "-285132105", "-297955634", "1032638801"]
  - ["NULL", "541947030", "-1118684320", "880330817", "1486103084"]
  - ["NULL", "-1020663942", "1091967086", "-186716307", "991149750"]
  - ["NULL", "NULL", "NULL", "-1521226518", "-2087893705"]
  - ["NULL", "-1775103535", "NULL", "239734007", ""]
  - ["NULL", "NULL", "NULL", "1635776983", "-1"]
  - ["NULL", "1180151686", "-285132105", "-297955634", "1032638801"]
  - ["NULL", "541947030", "-1118684320", "880330817", "1486103084"]
  - ["NULL", "-1020663942", "1091967086", "-186716307", "991149750"]
  - ["NULL", "NULL", "NULL", "-1521226518", "-2087893705"]
  - ["NULL", "-1775103535", "NULL", "239734007", ""]
  - ["NULL", "NULL", "NULL", "1635776983", "-1"]
  - ["NULL", "1180151686", "-285132105", "-297955634", "1032638801"]
  - ["NULL", "541947030", "-1118684320", "880330817", "1486103084"]
  - ["NULL", "-1020663942", "1091967086", "-186716307", "991149750"]
