engine: postgres
schema:
  database0_t0:
    - {name: "c0", type: "string"}
    - {name: "c1", type: "string"}
    - {name: "c2", type: "string"}
data:
  database0_t0:
    - ["䠀3", "543985007", "1461842301"]
    - ["1939447876", "543985007", "1461842301"]
    - ["-464941680", "543985007", "1461842301"]
    - ["", "543985007", "1461842301"]
sql: "SELECT database0_t0.c0, database0_t0.c2, database0_t0.c1 FROM database0_t0 WHERE ((1854511654) IS NOT NULL)"
columns:
  - "c0"
  - "c2"
  - "c1"
rows:
  - ["䠀3", "1461842301", "543985007"]
  - ["1939447876", "1461842301", "543985007"]
  - ["-464941680", "1461842301", "543985007"]
  - ["", "1461842301", "543985007"]
kind: benign
traf_columns: [database0_t0.c0, database0_t0.c2, database0_t0.c1]
traf_rows:
  - ["䠀3", "1461842301", "543985007"]
  - ["1939447876", "1461842301", "543985007"]
  - ["-464941680", "1461842301", "543985007"]
  - ["", "1461842301", "543985007"]
